#Label  bin_edges
#('Xb','Q2') ((0.3,1.5),(0.41,2),(0.35,3.1))
#Q2 1.0 1.2 1.4 1.6 1.8 2.0 2.2 2.4 2.6 2.8 3.0 3.2 3.4 3.6 3.8 4.0 
#
#Xb 0.13 0.160714285714 0.191428571429 0.222142857143 0.252857142857 0.283571428571 0.314285714286 0.345 0.375714285714 0.406428571429 0.437142857143 0.467857142857 0.498571428571 0.529285714286 0.56
#Xb 0.13, 0.156428571429, 0.182857142857, 0.209285714286, 0.235714285714, 0.262142857143, 0.288571428571, 0.315, 0.341428571429, 0.367857142857, 0.394285714286, 0.420714285714, 0.447142857143, 0.473571428571, 0.5
#Nu 2.2 2.6 3.0 3.4 3.8 4.2
#Nu 2.2 2.6 
#Xb 0.13 0.160714285714 0.191428571429 0.222142857143
#
#Xb 0.14 0.1605 0.181 0.2015 0.222 0.2425 0.263 0.2835 0.304 0.3245 0.345 0.3655 0.386 0.4065 0.427 0.4475 0.468 0.4885 0.509 0.5295 0.55
#Nu  2.2 2.45 2.66 2.82 2.96 3.0 3.17 3.27 3.37 3.46 3.55 3.64 3.72 3.8 3.87 3.94 4.01 4.07 4.12 4.18 4.25  
#
Q2 1.0 1.33 1.76 4.1
Nu 2.2 3.2 3.73 4.25
